00501
0015F
10901
00100
05999
01551
00001
09105
00028
00601
0011F
00301
000AF
00401
0008F
01661
00001
09106
00005
01335
05333
01446
05444
00443
0C149
0000B
14501
00013
14601
00014
00401
00064
14401
00015
00401
00001
14401
00012
09100
0000B
15000
00DD1
FFFFD
119D1
00002
11FD1
00001
113D1
00000
00501
00001
0C135
0002E
00230
09100
00041
01331
00001
0F100
0001F
00921
00000
103D1
00000
01331
00002
0F100
0001F
00229
103D1
00000
10FD1
00001
109D1
00002
00DD1
00003
09F00
13801
00009
06881
00001
03881
00001
14801
00009
00801
00001
14801
00012
13801
00013
01718
0016F
14701
00013
00701
00001
14701
00012
00881
00001
14801
00013
13801
00014
00881
00001
14801
00014
14001
00005
12000
